100
715950220 876882456 195550680
35793055 838776925 7630760
686863450 840668819 297194947
384647703 392397885 333662329
528293965 537271171 216018381
999068491 999578957 912103487
44167305 136425063 8165424
232446711 713647937 8285374
322911488 709444346 145586576
18480907 848208365 3334529
577193055 688485342 211139610
772743735 904484938 21025943
639407814 725625771 148561884
162846012 207412395 132359598
887615505 999477417 556489396
103633885 528079075 40906568
867322215 923095491 390691441
273859665 375154552 131168079
676825304 937438868 259488989
612397159 809470097 52108182
669506995 846700704 509131974
35032714 984970157 25518802
56058656 497920264 44662591
335952519 612565177 145687048
623596565 968436041 183710219
67701465 583876290 60655596
997463234 998348604 652590303
975315457 997849816 58682212
54438547 282312534 29820111
667578143 921801119 200013624
796996994 902930744 118369631
306128967 365482331 208688447
935799820 995135711 20879203
372873002 983756345 41029993
854512568 970270289 758742471
761528834 874055393 59732183
92990289 724794596 42063532
598096943 999507535 72118757
656779154 945454079 641728946
444464761 515047086 78155702
979634671 982847554 184089452
544514641 770839037 177572267
59332055 251091098 20298035
868527429 983758576 449113003
282430423 570374052 184472420
41172893 660731284 7338475
100905075 665970106 87048170
181465536 526093046 31683041
851681236 891797195 271619846
493410181 610332421 466452287
571565882 954386320 141307033
755655333 783175233 274250263
933227599 936443486 199861548
12857689 139337777 6853910
183014472 774939454 173360920
67294512 437188778 33810615
733399274 923017551 74200267
31308343 500103402 24435310
641369879 783054182 229134620
912989724 981899239 346056860
218778724 496734164 76351398
503217520 673783440 279065465
777467782 785495697 269202903
977329329 978406326 195821445
328191515 486055407 106386121
684566906 991609903 368043579
513017041 667708040 332697883
54015855 92531548 27686282
463209347 606304266 277402296
692343966 746939091 527808847
38400826 888455671 17772502
333530947 834449784 157414460
974765323 989862360 969865276
21436008 648653712 8433302
47103133 96718617 15587682
481680768 937534780 75024394
71374510 219633046 51084769
917089433 922188114 314503189
52807425 280574845 10410894
182726072 285563529 77787338
95222850 244180760 68811713
771929049 776133803 40944455
115983649 467275778 26430936
60614247 175119931 10792256
28743941 921640615 8726350
645838144 872931938 618468582
536740425 908689578 476494450
729817353 987343500 241052524
813926327 856955826 468819944
577920872 889886551 233089586
934790713 995305257 265169179
808347277 959264955 197035753
849291732 881860081 168876937
687608210 718163901 14670479
5658745 944967861 2167954
131634851 695274569 81582140
750103432 969572747 285645603
226597882 230872642 220730281
467650405 685172079 179633907
936470349 969557082 399287493