337 5470
323 192 335
25 274 620
182 240 225
120 69 636
214 277 660
209 87 388
249 245 286
269 98 999
114 98 98
1 98 477
149 268 991
147 182 609
126 227 733
214 147 191
102 165 979
196 213 471
331 18 433
166 275 996
224 268 623
182 201 109
298 204 191
69 173 410
158 143 817
291 59 814
321 305 492
257 126 552
177 126 640
162 232 157
45 11 755
282 305 298
84 186 545
306 219 160
333 187 954
134 285 690
160 61 233
195 269 739
314 290 167
319 245 645
268 245 618
137 126 448
102 228 65
80 12 892
176 189 460
145 269 448
15 188 168
9 214 514
110 72 405
239 48 511
280 69 575
227 149 783
208 25 668
302 335 809
265 170 1008
192 330 753
302 311 940
246 123 826
77 319 50
18 38 6
193 28 501
103 101 890
258 282 40
199 86 827
123 278 419
20 280 407
130 243 651
224 317 737
321 223 990
307 177 191
86 12 581
89 111 220
185 212 217
161 78 721
98 128 122
83 307 146
172 30 678
153 255 53
189 166 121
142 295 217
272 269 961
219 329 926
39 192 66
160 127 496
247 337 860
95 22 266
306 27 844
276 214 403
327 209 70
337 261 756
63 188 416
50 116 250
291 62 729
57 110 582
53 197 455
254 135 364
192 48 985
316 273 906
169 176 691
237 16 948
57 87 997
257 38 236
324 182 958
142 28 279
323 186 844
270 121 453
68 112 84
98 320 899
252 266 838
136 51 534
283 47 647
37 148 596
59 100 116
257 18 824
200 38 121
20 213 241
94 36 736
140 86 319
335 326 683
154 145 47
80 307 497
233 56 904
186 93 775
209 116 333
283 150 443
39 154 5
246 142 710
229 5 895
215 17 523
269 132 515
74 82 879
53 150 192
187 244 258
221 50 389
259 249 969
3 208 150
32 122 341
212 299 967
160 262 278
328 54 185
158 109 55
333 160 383
56 114 147
31 49 218
225 89 248
292 294 97
160 254 90
2 109 800
160 104 11
87 257 895
228 158 30
67 1 421
260 264 366
231 332 823
266 37 505
46 235 998
146 149 343
147 74 426
323 181 1004
48 299 141
119 97 465
98 3 838
194 255 940
54 167 375
289 101 269
128 308 135
295 125 714
80 144 119
166 333 308
262 304 828
29 18 800
262 218 856
44 320 139
66 75 816
213 190 333
74 32 349
148 102 635
186 329 89
24 68 1023
283 44 11
27 65 496
253 310 284
65 137 255
89 304 107
35 150 381
83 97 128
274 221 700
123 159 709
305 172 855
170 329 622
296 335 978
217 130 184
145 121 267
223 6 293
201 115 195
271 26 558
10 111 606
90 163 875
276 227 159
188 155 194
143 238 417
281 210 524
281 8 545
37 92 434
306 157 151
189 144 669
111 186 379
207 242 391
143 151 934
230 133 828
200 17 725
225 119 544
72 2 358
237 228 127
314 242 97
304 20 592
270 86 734
92 246 869
243 154 977
298 122 72
333 268 231
251 324 618
17 237 604
65 129 253
75 84 60
249 277 305
38 138 256
285 166 844
8 150 41
260 279 642
332 200 399
31 251 719
249 11 273
16 222 155
100 328 257
32 223 370
259 41 761
34 93 736
77 71 777
191 184 354
132 45 821
299 118 58
239 162 104
155 303 721
186 34 875
70 93 1009
135 158 399
82 301 976
313 192 154
76 112 854
148 5 1006
314 10 440
84 42 863
332 329 402
252 95 796
161 334 737
215 155 618
257 207 309
236 130 125
296 75 425
121 305 924
229 20 851
229 187 78
83 186 565
154 152 544
128 229 724
22 295 86
229 181 758
292 304 489
273 79 771
211 41 40
103 304 117
180 21 986
228 276 520
46 260 394
10 193 459
274 207 921
75 33 278
215 269 140
32 16 300
71 175 175
336 120 425
325 205 744
257 153 49
186 308 66
90 259 119
78 317 969
231 216 131
160 286 650
245 22 702
59 105 651
312 276 941
4 137 722
205 25 363
267 106 298
214 180 582
24 165 479
215 62 945
241 16 147
143 100 812
319 114 869
237 259 246
80 266 424
185 111 254
40 21 612
168 22 111
118 43 999
250 155 823
327 253 272
254 10 186
332 215 76
47 317 452
262 273 891
219 231 718
211 44 21
271 251 662
125 263 468
260 298 563
184 254 480
320 99 302
299 327 798
125 230 659
298 320 724
157 113 856
184 119 594
225 50 243
71 61 306
254 182 575
308 128 977
186 147 411
37 287 637
29 137 1023
41 81 865
140 132 40
264 34 477
328 156 200
182 210 512
49 168 195
56 294 618
17 291 620
292 156 95
271 139 449
205 285 532
324 155 317
91 309 962
192 120 49
317 196 558
334 327 45
193 185 336
229 56 310
185 197 10
140 235 741
71 245 742
138 190 224
21 63 871
168 128 930
205 334 303
19 268 732
213 227 268
191 311 587
269 199 865
213 191 306
83 53 930
66 316 782
77 196 861
240 188 909
150 57 697
67 34 876
6 66 475
298 93 585
226 315 987
72 279 746
279 171 412
335 326 582
77 128 827
30 125 808
215 243 283
178 201 67
87 257 899
288 126 812
286 78 883
295 25 103
1 220 530
91 216 972
202 91 135
230 64 99
191 245 310
68 100 577
59 242 386
221 56 412
244 13 665
72 273 463
193 242 325
133 19 432
227 41 109
308 155 334
139 228 594
90 62 294
146 152 60
128 224 1017
236 84 553
300 201 25
165 253 132
164 47 350
310 17 475
116 255 394
111 335 766
302 35 598
219 52 969
146 242 9
13 77 731
289 309 742
256 3 305
171 274 923
162 220 989
232 147 648
285 281 414
67 35 655
333 136 591
157 5 138
117 110 986
16 87 183
241 149 453
327 55 857
26 178 776
93 127 826
137 172 73
181 215 209
202 190 526
66 192 988
182 194 504
266 108 821
265 291 742
318 119 580
2 154 344
241 106 518
226 112 883
229 289 589
142 12 315
258 253 237
213 55 875
221 329 666
203 6 80
204 143 322
254 230 186
333 207 751
108 146 947
95 267 117
205 241 143
330 246 840
335 112 156
3 128 47
97 261 517
296 219 111
114 32 798
18 327 104
57 240 269
81 29 525
19 268 874
64 66 575
90 3 672
238 233 526
121 25 869
22 37 425
45 147 631
285 314 558
184 308 419
93 151 617
272 48 440
252 324 388
51 154 74
291 13 1018
181 225 1007
319 274 722
232 205 374
100 297 251
193 303 1012
259 111 56
76 278 367
294 122 822
198 169 1023
111 300 980
336 265 381
216 19 97
56 265 900
233 126 196
121 142 253
60 31 939
320 5 441
274 307 417
193 60 495
245 99 927
219 97 833
23 61 630
296 37 561
221 241 468
158 100 560
65 175 319
71 109 267
312 8 612
272 323 370
207 194 661
47 179 65
320 270 312
81 306 579
336 87 955
226 164 496
213 215 338
118 95 190
306 281 525
72 298 425
219 168 350
310 189 586
203 125 309
97 217 116
106 33 412
82 65 630
37 96 165
105 66 134
310 254 713
284 248 940
108 211 684
263 233 42
256 220 495
19 157 441
300 88 267
199 255 412
29 298 6
129 211 814
205 278 475
280 6 132
131 322 643
30 149 881
13 120 534
311 18 495
82 64 815
162 150 674
2 314 90
213 318 473
337 113 509
94 56 546
246 216 448
2 220 876
254 168 672
71 149 293
80 202 166
226 1 623
96 68 781
119 208 620
229 81 55
126 71 748
182 75 411
81 189 854
29 237 730
137 116 982
44 248 689
222 61 893
271 152 823
228 251 652
10 209 264
327 306 427
83 275 1005
272 244 665
140 194 663
90 186 690
220 152 907
133 149 827
150 279 557
321 10 394
14 190 884
296 213 74
114 226 299
322 120 152
157 68 514
256 23 572
90 257 615
29 183 164
191 157 1014
63 128 706
250 178 478
300 99 500
241 116 45
172 239 196
318 234 975
160 168 459
306 169 935
158 284 728
73 273 747
8 334 422
106 243 725
38 273 814
11 192 941
124 322 974
295 209 309
81 76 845
150 265 352
130 273 204
283 58 461
1 141 141
177 9 568
316 26 707
329 134 678
133 193 895
64 104 187
162 190 727
296 12 262
328 139 317
25 11 451
41 5 57
233 5 465
284 321 625
211 198 425
244 24 647
157 54 173
288 176 36
328 292 155
12 270 950
53 230 976
169 224 1017
301 27 219
34 200 9
244 118 980
45 284 706
200 44 768
60 146 761
72 141 227
315 151 671
323 309 336
146 271 333
193 161 935
98 250 935
150 315 57
43 167 940
291 166 422
134 31 995
150 10 189
334 117 226
161 166 946
41 79 752
208 125 394
94 310 933
195 3 51
335 200 296
225 241 238
200 169 905
185 85 275
179 248 259
73 199 978
253 153 526
153 242 619
256 327 764
208 76 198
295 153 56
233 70 979
252 163 651
101 150 378
124 213 59
230 105 989
126 213 102
251 4 735
230 161 480
45 180 417
166 47 631
303 318 165
9 190 436
247 166 569
248 297 334
141 37 931
178 222 696
321 176 192
255 154 667
225 281 71
39 111 235
38 151 888
70 161 683
187 317 12
285 99 70
328 285 102
131 100 653
277 326 366
91 111 476
46 204 987
94 172 738
209 93 954
329 199 541
213 278 745
267 276 311
13 292 154
40 111 241
12 32 298
45 152 655
23 49 985
10 234 639
41 225 145
174 320 192
22 103 988
187 115 977
87 266 448
234 275 672
174 148 291
274 46 162
171 296 533
179 211 90
307 15 464
332 135 175
28 164 693
28 122 718
288 208 708
70 248 882
139 86 328
39 64 188
266 189 479
217 125 126
20 91 715
298 233 666
220 216 297
254 88 179
293 276 326
63 62 23
207 288 801
54 1 671
322 229 669
136 64 666
94 38 342
266 237 344
88 230 513
281 116 612
95 43 406
126 258 489
240 277 279
119 78 1004
121 58 438
37 214 209
278 291 931
162 264 2
213 161 478
27 68 122
230 83 647
159 148 250
114 179 121
273 189 347
109 337 792
330 210 559
65 122 969
313 82 814
314 325 362
186 98 106
201 162 549
246 258 934
196 162 175
216 2 780
240 269 844
178 329 58
131 201 152
262 136 347
170 282 782
174 160 972
273 144 657
82 275 449
306 91 72
318 124 145
135 261 789
182 261 655
195 139 512
92 269 980
74 71 420
337 262 524
131 112 943
171 121 227
123 33 90
61 162 705
171 227 71
183 191 540
41 69 138
171 4 11
165 71 142
285 36 873
53 253 415
332 334 307
312 142 898
132 19 253
128 173 42
289 336 686
221 161 938
125 298 88
320 188 100
125 11 19
209 193 78
279 152 175
124 266 66
44 54 829
1 328 402
149 132 723
21 293 865
65 7 166
214 20 836
251 50 624
59 258 72
236 92 435
21 105 754
284 157 546
53 7 557
89 310 103
129 169 162
202 130 909
250 67 357
304 327 821
53 306 287
295 176 592
201 198 450
249 20 213
211 130 421
6 299 581
15 259 104
22 162 536
95 6 238
180 304 133
158 155 62
233 235 447
204 1 99
103 203 940
9 55 920
22 308 929
237 62 53
64 309 807
216 277 409
284 285 434
47 124 825
56 77 693
173 256 341
227 319 145
263 173 860
96 32 335
250 134 810
12 132 870
184 331 384
276 104 927
300 47 452
255 51 331
15 184 177
335 67 545
225 104 295
308 253 556
70 227 315
190 135 318
191 318 258
317 328 148
266 126 325
110 18 57
219 201 576
30 214 553
327 257 48
260 312 688
332 75 196
334 254 947
229 262 151
102 171 508
49 88 318
281 290 428
129 91 838
108 52 17
230 46 182
185 297 569
121 83 963
327 149 511
127 4 519
245 146 127
172 312 1
10 333 92
29 313 61
56 57 424
292 329 183
167 106 417
223 243 85
115 111 336
12 166 445
193 207 302
31 77 979
296 9 718
109 274 110
124 255 718
115 322 64
147 31 40
259 65 800
214 109 908
57 227 1016
252 79 966
273 145 525
105 227 832
56 191 580
20 70 602
237 157 752
132 205 381
13 100 689
276 231 702
7 68 87
116 307 960
160 78 992
284 94 576
28 114 647
236 155 1007
337 20 637
131 64 957
14 325 694
231 194 221
324 226 287
336 59 156
86 124 785
264 149 801
266 167 1000
37 128 290
199 249 816
298 206 686
6 328 438
270 20 807
230 303 600
73 335 974
278 310 118
70 220 71
62 212 936
22 6 125
72 31 149
106 4 940
220 167 487
160 131 696
63 102 164
55 154 932
31 330 27
280 244 28
12 187 703
24 150 746
153 289 547
153 69 72
299 8 676
325 238 46
220 228 920
198 282 797
193 162 278
52 216 181
68 75 877
316 62 813
48 29 518
269 289 857
65 37 939
297 172 866
15 142 626
40 148 619
174 234 960
33 294 504
285 72 719
72 128 142
153 315 988
288 4 452
314 243 761
167 268 460
66 172 985
188 42 276
328 150 563
272 311 612
93 35 388
279 268 1013
244 160 117
265 30 920
141 252 427
290 17 539
25 265 921
288 208 310
300 299 172
287 98 286
318 164 272
292 157 612
96 205 36
172 321 767
159 191 809
183 195 940
115 93 500
200 125 441
21 22 209
116 83 374
158 181 915
161 52 995
146 78 914
224 176 382
244 205 542
270 205 603
7 9 900
125 191 978
3 29 345
148 178 527
289 157 387
337 243 436
157 331 809
247 282 21
215 164 889
331 57 829
123 196 251
232 314 188
155 64 724
261 243 244
23 59 771
185 116 1001
303 300 973
184 333 315
43 188 431
334 101 979
33 277 475
19 257 949
56 331 766
189 184 330
108 109 1012
187 301 869
75 157 376
181 129 422
327 334 644
223 124 208
4 133 98
252 49 8
12 257 522
189 66 21
46 183 964
153 75 684
317 211 176
305 128 167
200 269 606
131 269 536
305 125 310
262 318 979
27 280 930
126 60 483
235 196 717
318 37 95
153 278 394
59 137 234
211 307 4
133 77 917
169 19 221
298 275 807
218 23 57
178 72 241
10 53 714
190 61 958
256 221 763
9 132 493
279 192 205
188 54 1015
198 234 685
61 53 430
197 23 325
227 26 955
157 266 787
39 264 601
322 134 78
306 245 593
10 113 494
94 252 553
142 307 818
222 315 385
179 13 207
226 171 17
117 64 127
10 223 47
87 136 918
9 32 456
235 255 55
89 27 131
271 42 443
112 262 161
49 26 191
273 115 715
37 168 607
190 164 312
327 213 316
216 289 808
112 214 542
9 201 978
28 145 920
23 56 495
333 262 366
217 189 415
203 192 606
145 287 194
230 9 509
209 125 958
293 147 827
35 272 338
278 323 589
242 303 1001
52 193 500
108 111 778
101 85 841
202 169 169
236 115 401
243 287 361
113 45 500
105 321 1004
255 297 604
77 227 837
189 264 795
180 260 961
223 162 647
255 331 497
203 268 704
299 334 705
279 2 259
163 302 642
323 37 221
227 302 386
286 162 604
72 75 178
140 178 525
112 314 437
81 96 748
159 185 782
311 172 289
87 118 665
132 308 125
32 177 718
198 212 162
50 114 296
234 47 540
158 172 1010
46 306 820
106 267 661
244 247 871
243 160 738
204 164 877
45 108 391
336 79 973
253 197 532
184 219 679
210 10 767
224 247 415
269 165 198
110 62 376
171 214 392
173 266 949
309 12 222
323 290 840
139 81 728
231 203 11
320 71 589
215 16 341
273 324 552
247 143 724
58 228 964
226 173 167
141 296 971
141 33 907
106 252 894
3 153 944
83 5 103
209 46 643
51 80 531
66 316 902
33 175 180
244 169 571
306 56 361
265 133 81
108 173 351
252 179 655
116 63 428
252 88 130
15 226 45
182 138 833
288 254 132
218 337 725
187 23 581
298 152 345
305 237 518
299 288 495
326 229 672
292 302 921
54 106 3
113 133 313
202 235 801
255 74 800
214 219 517
113 192 850
170 20 373
24 295 781
291 79 287
213 185 840
16 62 169
336 146 200
305 14 944
162 47 291
271 39 288
9 63 728
5 228 511
301 295 558
121 196 930
270 20 839
145 259 457
56 102 933
90 151 674
268 61 287
317 19 1011
45 294 749
138 243 738
124 324 931
291 264 170
69 130 1018
171 16 552
68 115 774
253 109 221
64 4 410
12 247 948
81 100 224
175 224 73
262 46 961
101 223 515
66 97 945
230 52 24
130 90 134
116 303 95
202 212 387
258 288 356
294 7 539
300 99 447
316 172 348
165 336 805
129 64 176
330 188 847
250 294 39
4 89 382
67 189 292
65 238 657
294 144 219
35 257 642
104 138 226
88 286 42
337 109 384
278 154 351
138 42 451
311 96 1008
182 22 847
219 29 706
113 292 239
69 242 25
275 236 489
267 117 774
235 103 133
264 117 658
8 191 43
320 160 622
329 26 67
53 62 139
259 131 41
130 188 452
178 117 271
218 124 405
139 305 372
311 80 190
178 33 107
285 261 100
57 247 461
198 82 930
204 191 632
180 223 878
221 108 901
148 215 190
91 17 680
10 240 823
328 79 7
126 197 633
300 320 645
229 137 574
45 107 793
10 88 668
330 241 172
169 231 283
191 18 561
39 183 691
174 170 51
208 78 963
322 254 677
156 157 153
94 237 372
108 233 709
86 291 95
240 69 513
162 136 145
44 117 991
135 231 378
276 15 348
270 156 717
96 185 907
329 107 477
238 236 701
130 188 109
105 309 1022
296 41 829
233 295 25
245 114 620
14 27 145
303 176 703
170 308 197
19 90 227
56 27 540
245 157 674
113 56 5
263 224 242
115 2 291
2 319 836
45 236 44
12 328 793
59 225 288
227 217 117
134 319 382
121 203 953
208 116 516
157 214 29
215 199 685
88 284 894
131 124 218
154 309 782
96 164 697
103 213 780
146 196 953
32 214 686
41 63 437
265 48 274
16 33 986
297 112 632
18 241 636
162 272 892
264 250 465
201 288 927
17 163 951
280 104 7
137 10 71
78 229 530
267 302 295
8 178 355
247 46 753
52 330 857
178 10 826
217 70 956
29 142 919
302 321 646
140 14 450
327 212 100
325 5 651
27 217 506
20 245 107
13 308 383
105 120 788
241 166 252
8 68 614
64 15 401
321 184 463
122 93 634
11 65 160
218 142 798
124 299 794
277 193 110
324 170 68
138 154 48
115 69 275
1 266 643
327 134 981
114 216 273
306 113 595
139 328 555
153 314 74
133 252 1007
181 111 434
184 131 633
12 148 197
252 223 19
264 28 496
173 34 943
221 204 861
124 153 773
256 257 638
163 176 681
49 238 767
181 22 966
314 337 498
179 256 990
204 250 692
230 82 978
145 263 181
239 183 956
53 112 310
19 288 36
106 80 612
225 180 89
325 273 106
310 119 916
38 175 897
300 140 62
30 32 546
199 117 907
280 48 289
194 3 841
206 327 199
260 81 320
193 77 920
174 65 870
162 336 808
282 130 8
297 126 755
120 47 2
88 237 676
161 50 726
296 9 334
303 161 836
88 272 101
179 215 241
194 94 416
238 108 592
2 2 496
179 21 190
136 116 472
249 69 800
69 61 416
34 233 323
270 95 523
283 28 864
93 94 744
282 288 844
99 336 155
335 80 261
322 326 9
217 73 441
230 270 342
332 103 771
126 102 480
203 283 770
174 205 321
186 181 219
121 318 757
237 255 856
321 249 109
168 30 495
217 145 765
176 29 642
160 3 871
14 13 508
171 334 292
187 207 184
236 165 285
148 211 531
59 184 377
35 50 810
296 218 448
317 20 644
189 316 512
99 147 362
84 4 206
292 186 592
11 335 41
140 137 274
178 186 1001
264 223 794
25 252 901
266 7 648
207 204 233
289 60 235
202 301 414
130 314 419
107 322 5
223 105 174
245 215 772
169 113 470
295 173 854
286 119 455
241 326 506
166 292 660
121 31 743
103 196 213
296 234 139
6 328 721
329 153 688
204 286 815
100 94 166
291 33 575
315 101 623
276 327 307
116 229 984
6 85 73
52 74 464
200 58 473
177 180 300
227 276 880
113 131 1011
128 278 58
146 231 288
125 196 914
314 136 147
222 68 497
131 55 412
215 162 485
51 303 761
162 308 198
45 167 786
52 303 825
182 44 131
33 314 422
272 130 970
200 268 275
81 119 908
3 271 968
292 109 529
199 289 132
229 124 339
150 325 825
106 202 311
311 64 566
132 327 766
288 51 234
251 11 910
325 300 36
243 307 691
232 71 99
146 85 431
325 151 195
118 262 435
314 250 565
235 335 463
220 47 914
233 185 414
157 208 639
331 15 487
45 323 975
39 135 848
286 321 65
120 97 763
248 210 277
90 214 543
213 299 331
142 242 717
235 273 304
58 301 12
106 82 166
98 99 794
81 199 844
327 225 311
92 152 202
5 5 826
333 60 380
151 48 71
335 93 448
180 61 669
126 286 992
3 95 664
169 170 577
262 126 349
229 103 510
313 299 399
110 327 755
17 229 1023
313 248 771
267 28 820
285 144 585
51 319 955
334 201 669
268 75 224
326 87 178
58 120 373
5 102 471
271 314 767
285 33 830
281 266 831
326 225 864
62 334 158
151 145 186
202 229 120
181 171 682
171 10 586
224 143 789
193 264 629
281 205 42
19 104 965
154 265 675
13 110 922
198 254 400
29 5 471
280 213 580
326 329 39
68 87 865
281 289 191
236 297 36
129 270 322
72 117 788
43 154 123
249 76 551
221 49 218
241 333 955
136 24 913
78 61 797
69 261 390
125 297 200
331 201 24
104 171 332
312 295 896
153 89 710
286 41 446
23 112 117
124 127 739
141 55 180
77 236 938
257 301 257
55 307 53
84 245 481
238 322 75
187 149 944
302 205 784
122 326 894
212 46 714
152 44 364
48 39 447
291 323 580
294 301 807
228 250 948
220 160 680
193 314 618
225 114 919
184 1 62
207 64 488
265 310 157
278 68 184
213 43 478
21 307 645
75 254 181
222 39 875
64 259 731
77 214 20
289 53 351
21 173 396
87 158 807
201 247 622
294 269 491
190 12 276
79 306 550
296 301 654
59 207 891
115 140 744
234 88 539
315 303 365
325 276 160
7 215 736
133 278 640
193 141 789
94 103 919
89 134 201
72 160 739
308 130 996
155 195 481
188 291 1023
113 51 369
92 112 286
301 20 803
1 217 61
61 318 477
265 72 713
123 63 859
219 274 230
120 295 135
11 132 733
72 335 913
192 228 30
207 332 726
72 106 342
63 78 329
25 31 555
43 255 408
41 146 622
171 244 395
173 203 1021
254 75 854
284 116 170
249 313 115
248 184 20
152 315 309
49 276 744
232 203 405
262 167 138
316 190 558
137 212 308
64 283 682
31 301 577
118 11 456
256 34 587
163 78 995
46 142 430
211 307 264
33 133 1019
73 321 642
254 151 62
118 291 897
122 37 892
242 170 743
328 8 477
320 330 619
150 177 983
196 295 669
176 333 77
277 295 889
28 169 441
75 274 442
280 316 29
66 184 37
117 282 268
206 316 449
181 273 705
71 328 125
153 324 598
310 286 793
43 111 446
165 188 998
230 223 362
156 78 845
18 174 28
319 229 817
271 167 405
317 151 1022
100 191 768
269 73 784
18 305 281
137 287 777
29 227 855
62 29 284
247 77 49
176 288 702
103 9 823
270 55 235
80 196 130
61 113 374
208 179 890
55 3 735
292 74 469
290 181 906
269 3 393
214 270 939
137 15 805
258 144 595
323 68 799
327 74 142
279 219 328
57 108 165
168 234 240
157 145 504
33 50 977
14 277 904
76 170 90
94 56 634
16 83 946
173 309 494
112 280 853
85 40 518
146 222 484
185 240 119
251 116 773
293 271 107
97 181 400
90 161 613
16 107 145
18 68 380
84 48 573
95 249 1
219 240 1009
169 230 467
100 298 48
320 141 287
227 267 401
193 159 94
82 77 23
158 22 709
284 278 926
325 124 770
306 217 1023
146 256 492
231 97 782
230 204 974
301 248 950
73 163 200
49 174 806
305 124 350
330 97 822
300 221 90
89 181 723
93 323 889
311 57 633
138 28 549
262 275 726
298 39 699
70 209 267
116 229 56
331 46 646
149 47 184
203 127 738
311 146 483
149 210 776
145 31 963
82 36 229
120 181 905
276 323 195
149 91 673
117 148 301
290 292 845
117 117 1007
50 59 982
256 134 399
226 15 910
298 88 1015
328 189 982
195 274 299
236 89 569
284 131 578
64 212 797
234 270 925
52 127 177
122 126 626
245 101 677
306 161 929
41 168 679
335 245 245
156 58 607
72 93 813
261 265 56
330 250 53
82 20 833
1 179 66
254 138 122
71 260 327
198 83 412
302 220 181
294 144 302
200 310 339
156 11 392
8 273 772
280 25 673
32 311 936
294 53 883
139 72 523
2 243 563
225 117 271
291 230 579
181 29 1015
174 271 475
273 163 873
239 166 353
158 57 340
281 254 769
40 111 882
56 176 983
227 175 20
52 134 1008
124 98 630
286 116 638
177 209 426
223 69 997
21 264 518
112 265 922
193 69 229
15 307 864
261 119 466
65 52 593
309 78 618
25 282 211
302 242 165
276 186 373
141 95 780
111 6 718
192 300 863
104 177 803
144 59 292
208 69 332
160 155 91
310 176 865
186 77 60
74 84 396
158 132 420
40 307 382
225 244 626
224 330 20
208 234 274
131 255 826
13 301 2
334 303 410
64 93 316
175 246 429
269 93 98
289 96 82
16 251 182
312 72 880
112 264 89
114 58 540
243 146 71
22 120 646
256 14 124
237 262 27
216 328 728
52 210 745
253 267 584
273 197 211
32 38 661
75 156 584
196 79 445
112 210 665
299 136 929
126 254 329
195 211 535
92 246 826
8 269 321
54 81 931
34 114 1
167 98 370
45 184 387
273 132 115
209 98 783
129 319 367
289 318 3
114 96 515
100 107 401
53 138 612
200 220 861
183 113 547
130 103 531
57 284 108
335 4 451
295 227 491
265 206 563
88 121 574
32 197 542
28 239 564
180 194 782
1 233 427
175 254 151
11 243 855
159 180 735
69 59 7
135 14 673
161 320 361
90 26 278
72 321 182
143 105 992
312 248 185
151 139 469
51 120 244
18 38 152
136 113 714
335 278 665
95 117 957
159 129 990
149 228 283
95 230 626
332 234 30
62 292 53
271 214 791
176 74 1012
211 268 333
110 208 16
230 318 832
208 111 73
235 261 699
326 234 533
169 210 177
294 204 707
64 181 960
239 209 595
285 138 62
240 117 825
110 106 718
17 186 754
207 73 629
46 226 662
239 135 882
202 171 714
234 19 845
96 100 379
169 172 196
105 223 474
84 38 943
228 235 216
231 318 527
25 5 137
40 132 113
72 268 357
285 68 374
279 50 758
250 190 883
46 289 798
281 196 655
150 70 369
216 179 937
149 70 575
225 6 231
24 222 776
257 10 156
21 224 893
302 314 917
28 41 289
198 33 795
225 25 981
282 337 898
125 149 738
211 196 186
287 271 43
110 300 975
273 311 165
324 7 258
290 182 34
81 282 574
132 233 842
115 169 793
45 160 771
139 254 852
161 312 458
329 279 789
138 317 694
244 220 688
231 68 794
301 40 808
289 238 458
225 322 751
217 157 109
50 110 573
13 87 101
113 327 698
307 324 856
122 2 206
224 312 664
236 282 466
192 204 907
82 305 623
141 273 856
186 218 1015
71 109 467
101 15 463
243 332 561
53 111 616
238 47 644
327 258 660
168 99 916
330 282 390
259 284 725
151 193 781
321 19 57
103 130 207
61 13 592
155 1 630
184 89 163
250 284 255
321 198 854
258 25 219
175 40 908
58 213 496
229 7 418
96 197 634
171 181 675
230 17 22
174 113 74
218 249 979
64 60 143
41 251 837
104 228 369
208 88 290
93 219 24
122 311 1014
56 8 699
37 199 977
322 162 306
89 60 972
13 201 431
86 75 224
144 298 713
113 1 692
252 144 534
77 143 849
26 148 807
128 306 28
132 89 155
217 13 874
101 88 12
55 53 760
169 40 1019
204 295 782
175 145 647
101 126 752
273 23 14
58 134 441
297 128 411
217 236 202
286 73 603
78 106 126
245 227 302
301 99 748
234 189 135
61 86 213
202 247 94
80 69 315
1 30 742
95 274 106
58 138 925
151 196 29
33 312 717
159 170 801
293 7 894
7 145 399
30 287 864
200 68 296
325 72 955
306 234 703
188 313 386
277 122 461
54 94 388
220 66 951
151 82 102
41 159 921
138 104 166
196 317 797
56 181 310
280 181 565
251 126 898
279 246 235
129 2 864
178 223 729
220 294 431
13 95 612
53 153 407
197 119 426
226 223 192
91 45 685
241 189 389
103 209 184
173 301 452
104 299 51
52 84 926
62 234 81
187 182 1019
129 55 685
223 244 324
64 62 489
238 160 407
311 32 196
69 298 33
239 241 960
281 64 1005
108 223 765
85 70 251
122 124 275
317 40 1017
313 202 423
46 26 212
135 299 599
148 19 13
249 231 90
313 143 313
62 272 52
243 331 554
116 121 274
293 73 250
214 55 67
96 24 248
132 158 372
85 294 26
205 176 239
205 171 938
84 305 575
64 84 608
130 190 896
15 270 587
114 176 426
225 79 765
287 269 263
150 319 823
326 198 6
187 264 495
238 189 610
180 148 726
160 182 941
264 297 700
307 277 555
179 186 65
307 47 952
74 250 510
211 317 994
172 62 56
317 237 359
127 249 636
123 109 964
17 251 241
162 67 894
303 39 119
290 142 403
207 203 403
101 227 245
212 269 725
28 43 482
103 57 53
68 36 863
96 323 711
245 292 756
120 1 107
109 301 204
180 236 109
10 43 819
153 104 235
296 244 727
331 236 590
140 171 676
318 156 568
125 136 542
286 284 746
148 2 210
328 308 874
282 304 154
294 3 445
52 67 455
227 75 714
68 136 489
119 78 553
53 321 756
324 283 488
11 31 16
52 249 940
20 12 164
97 114 330
157 290 461
77 106 961
280 193 878
43 45 974
298 194 963
137 236 887
161 85 950
89 20 359
216 53 458
205 100 358
162 43 130
252 177 961
52 127 204
217 194 610
188 29 89
54 56 868
95 27 64
140 134 351
169 70 990
45 299 860
109 183 951
137 266 974
293 245 129
317 254 791
206 226 294
119 47 720
114 252 658
68 291 846
182 255 315
235 273 151
34 124 205
1 193 399
210 214 842
162 329 205
168 221 388
204 116 386
174 314 35
277 293 859
146 337 135
184 288 779
228 209 695
257 281 309
329 321 133
111 186 419
35 147 625
265 91 987
278 143 747
71 138 686
224 149 628
95 90 889
135 84 13
251 80 8
311 295 884
184 188 375
25 274 423
120 275 526
279 11 131
115 127 274
306 92 157
312 30 127
59 328 600
172 163 1018
134 239 132
227 5 766
320 215 872
99 336 949
234 97 751
219 223 794
153 317 853
222 89 135
27 326 472
60 222 607
79 213 210
108 56 258
84 187 387
157 246 1002
55 118 150
285 166 296
81 158 474
222 119 920
18 36 768
200 248 806
12 193 355
122 321 110
283 215 117
203 223 500
88 105 887
95 220 121
117 259 410
88 289 254
178 268 536
193 297 836
312 253 174
141 12 978
35 53 83
191 215 489
208 318 1000
89 77 688
105 51 331
157 93 538
82 49 99
208 76 859
184 330 503
318 66 428
27 146 33
228 151 924
68 292 155
257 58 940
278 43 56
283 163 118
179 171 584
29 45 665
160 170 945
247 107 276
2 234 173
128 230 999
246 15 761
180 249 786
59 238 814
14 308 922
207 238 508
213 78 465
17 48 757
120 120 663
337 34 36
13 47 242
334 171 244
318 196 82
316 313 420
87 13 535
325 68 808
143 184 809
106 194 751
128 319 749
289 217 606
335 16 157
44 130 938
61 208 976
251 301 59
76 128 527
246 109 385
42 243 34
253 193 697
247 87 252
153 335 457
289 24 788
59 211 70
125 125 179
111 32 878
221 9 427
316 92 927
286 282 247
38 131 639
92 321 553
41 297 738
8 39 182
279 60 30
276 158 517
240 173 905
59 212 190
190 316 757
178 119 668
204 62 985
233 301 27
106 214 164
43 17 823
228 160 194
139 265 470
74 64 415
286 140 396
39 213 333
168 20 903
189 226 901
307 255 967
260 317 699
190 33 95
263 103 4
332 84 315
324 181 751
116 174 202
210 310 614
172 144 790
70 227 732
257 229 848
220 318 110
156 256 155
286 137 195
266 6 370
171 310 243
22 11 915
272 99 463
167 245 225
168 54 654
193 272 475
331 183 707
229 304 385
248 309 763
286 219 751
56 42 197
85 54 47
302 39 706
110 222 972
107 10 354
83 257 974
127 156 989
13 178 951
266 192 180
223 112 518
313 153 940
10 86 183
151 39 425
305 222 44
205 164 1013
321 125 335
8 197 465
58 333 35
200 19 318
256 316 671
171 122 440
216 315 980
30 79 271
276 175 105
293 215 665
267 105 241
46 248 801
167 20 605
24 104 190
307 306 673
246 281 434
153 145 117
98 50 134
79 227 548
85 43 275
194 253 993
182 244 835
272 199 224
306 48 759
55 226 71
262 129 155
298 279 814
320 260 881
60 106 283
122 112 281
25 167 541
164 3 142
228 67 73
88 241 208
98 157 671
272 80 581
202 154 362
189 81 120
70 11 307
90 3 333
26 308 935
138 159 956
291 282 594
116 185 692
249 152 748
152 206 51
94 263 802
316 310 650
26 112 294
227 136 297
325 321 377
181 158 268
222 201 951
102 337 828
318 287 302
320 241 603
153 44 739
53 78 826
245 91 122
212 257 940
148 103 305
98 276 329
213 172 238
256 310 490
117 220 149
20 5 970
238 165 349
13 316 463
288 256 982
318 27 315
82 140 818
56 19 326
162 107 738
225 106 612
317 198 974
120 193 665
322 234 990
319 288 636
304 245 29
325 208 867
6 310 960
298 313 653
259 66 560
60 276 811
218 268 903
282 252 605
43 241 154
159 239 619
192 230 258
316 72 808
250 325 881
159 92 932
30 280 376
219 323 896
104 238 33
260 325 499
247 65 435
181 173 76
94 177 194
78 17 302
15 17 851
116 80 898
277 147 387
129 61 868
217 291 957
161 236 205
217 40 627
208 164 887
148 76 479
211 12 411
286 189 969
63 320 137
314 40 396
293 110 617
54 254 749
174 122 306
44 86 813
324 241 994
49 61 112
174 51 372
258 188 488
13 158 177
168 160 569
85 277 318
3 120 790
82 299 1
45 154 901
283 317 430
271 130 534
214 71 95
285 278 326
85 17 928
121 202 350
209 302 117
264 100 961
207 160 632
26 78 496
122 46 426
31 48 759
57 125 38
279 133 1015
332 31 429
182 116 355
63 262 163
248 161 482
279 117 734
165 295 989
88 26 846
47 106 168
169 118 107
30 274 207
181 175 685
163 184 1007
334 63 701
155 289 240
188 125 348
116 243 103
259 70 847
49 77 627
174 27 81
65 272 20
75 120 217
129 294 43
215 101 816
206 59 25
190 253 284
250 268 597
264 89 663
300 194 888
72 217 467
284 72 397
237 71 920
200 136 504
125 325 24
46 336 55
323 85 816
4 43 496
232 276 842
178 288 194
3 21 871
94 31 194
65 143 325
167 198 493
297 61 819
123 269 486
273 67 76
170 47 937
81 304 847
266 213 858
219 333 644
103 13 475
54 264 520
1 201 400
327 84 1019
238 196 552
274 277 172
135 211 304
198 88 515
254 101 406
275 35 73
276 318 28
248 119 850
38 183 336
107 146 492
272 300 804
246 240 253
244 88 587
307 71 824
81 34 707
50 18 621
121 194 398
63 145 115
296 165 711
252 201 707
29 140 637
203 20 272
134 310 719
249 11 424
20 11 426
156 22 815
31 93 354
256 94 612
11 238 595
224 227 728
6 211 897
66 37 165
133 175 656
15 227 715
103 287 994
181 253 648
299 160 476
275 191 449
10 273 271
212 47 598
220 304 485
276 272 184
29 125 69
326 20 34
283 265 66
2 106 820
254 123 980
245 12 382
10 226 934
119 70 654
83 288 362
145 216 758
105 257 541
281 246 432
208 258 909
200 104 505
191 141 577
327 130 259
28 191 424
223 172 10
334 244 955
337 198 975
114 191 665
38 165 937
295 79 122
294 153 400
149 173 202
11 249 842
235 177 828
74 143 837
300 161 413
128 281 117
296 213 83
226 21 620
293 272 280
7 233 315
291 303 498
230 293 411
224 329 938
84 14 425
196 302 729
281 174 320
73 136 968
15 163 722
91 23 155
266 146 596
249 174 312
134 212 47
148 228 397
329 244 746
61 291 148
32 186 796
71 255 171
68 329 376
221 17 304
318 181 543
282 31 1005
142 159 123
154 4 449
205 250 927
328 199 690
327 166 343
230 80 337
199 179 950
82 242 251
101 91 581
293 269 202
177 226 663
241 56 389
241 127 855
158 237 90
95 316 849
58 148 957
260 333 672
264 111 895
1 315 463
317 284 646
300 61 411
46 243 703
18 25 355
73 284 382
329 108 391
212 255 444
56 117 323
145 285 814
247 137 703
106 43 849
324 162 168
198 325 620
52 303 187
53 100 1022
215 204 841
13 278 91
298 307 691
78 3 447
336 255 351
193 15 567
55 164 616
194 303 882
38 259 762
53 43 924
121 179 735
271 144 59
216 135 947
110 305 540
204 21 887
320 239 917
141 9 70
156 262 921
235 169 661
54 31 627
152 93 479
79 25 349
46 120 1023
153 241 53
149 175 794
172 103 494
128 140 876
179 117 596
169 16 541
27 292 599
3 26 420
131 336 980
21 50 221
183 159 519
118 99 347
163 115 877
165 153 558
331 318 461
2 166 375
68 253 481
287 173 292
182 78 87
227 96 567
142 23 310
100 98 809
203 202 223
311 68 897
153 2 602
223 275 780
144 23 79
14 116 192
150 23 680
129 58 424
319 193 547
258 249 604
54 242 756
188 321 609
174 146 567
60 75 649
52 133 394
287 32 385
139 169 463
131 236 64
310 194 536
147 45 878
50 200 157
120 294 878
291 322 139
324 232 256
44 214 446
63 273 763
107 223 10
190 93 584
224 281 985
257 307 365
214 333 703
153 230 443
166 84 19
5 260 268
223 203 592
321 275 644
289 177 221
6 246 983
146 21 678
191 2 570
37 61 76
299 139 240
31 263 637
318 296 447
336 18 740
131 256 638
147 279 19
247 143 364
283 179 969
307 189 525
219 17 625
62 154 1010
144 177 827
123 228 838
264 46 175
330 205 945
75 51 36
213 33 737
209 36 34
149 145 297
167 303 788
100 228 418
277 301 640
337 272 421
266 93 959
169 262 173
80 95 345
104 21 234
148 142 444
223 183 184
156 284 81
2 242 33
257 82 247
308 152 98
316 51 483
6 168 227
283 100 726
315 77 909
184 281 399
38 82 635
159 50 675
82 42 885
249 5 953
145 97 885
83 273 982
76 311 17
52 193 31
202 230 640
295 205 468
326 56 734
327 169 157
329 15 172
173 208 618
271 222 912
138 297 302
258 287 94
22 123 277
153 36 868
9 31 116
108 202 899
233 167 612
193 65 36
325 91 323
45 303 125
216 322 604
119 44 344
242 262 454
133 300 163
270 134 837
155 18 867
5 53 682
176 69 402
33 97 420
115 299 289
61 215 492
227 312 885
225 23 538
221 296 451
217 56 806
263 316 314
100 163 346
118 295 964
281 252 773
145 55 335
92 249 511
266 320 356
138 31 640
184 261 652
24 320 853
286 227 187
13 116 669
109 328 322
59 307 205
7 124 633
291 218 658
80 305 836
151 258 455
328 183 395
106 197 249
25 318 449
83 107 809
5 52 705
49 127 749
182 305 944
158 46 96
235 125 913
266 60 938
82 188 299
174 119 129
246 271 636
135 139 225
5 139 751
178 141 525
48 333 711
278 144 979
303 262 938
264 80 572
277 231 269
14 142 451
27 299 585
57 197 611
231 92 402
45 317 614
143 254 879
147 266 569
78 188 222
8 139 899
49 92 642
236 150 363
203 264 343
53 55 720
97 24 698
262 337 893
278 182 120
226 193 607
122 72 931
229 12 566
193 326 266
138 112 628
280 252 319
66 196 261
50 89 205
211 8 460
320 32 28
214 324 507
146 187 454
294 240 1021
289 296 851
125 130 64
195 283 610
318 276 143
141 241 622
158 226 86
141 2 978
85 186 456
308 92 640
291 184 446
167 147 208
244 333 1001
52 283 536
196 204 947
266 238 206
174 307 532
266 58 973
237 16 908
260 24 139
316 45 910
306 226 30
166 335 562
124 149 910
63 90 700
76 153 577
78 204 979
87 76 80
293 49 253
68 262 105
32 76 1017
42 154 749
170 217 508
30 13 968
293 330 742
140 160 1019
199 93 748
246 151 486
159 241 74
329 268 104
331 30 6
300 158 940
67 312 627
29 252 297
280 156 656
289 60 373
222 136 1007
206 66 484
220 34 26
14 8 450
92 147 210
87 129 189
195 52 901
265 227 32
249 245 443
303 172 944
211 63 658
146 145 970
5 53 743
145 239 203
212 170 437
103 248 197
312 281 291
2 171 229
170 189 297
145 265 51
15 298 535
302 44 996
240 250 162
277 322 881
202 242 163
178 267 272
158 229 210
276 137 841
287 107 582
94 66 544
274 142 699
76 94 660
291 269 781
30 216 92
252 230 875
197 286 1020
195 45 751
138 204 88
172 233 370
132 243 45
150 208 544
47 172 662
69 279 732
229 300 49
55 145 805
231 190 1013
268 180 103
56 160 554
212 317 24
62 278 960
314 45 291
327 288 700
43 273 97
177 270 873
264 297 808
81 230 1021
292 21 769
116 215 698
67 80 631
213 192 414
163 241 505
223 22 781
59 166 79
334 125 452
27 97 667
264 128 233
24 322 255
28 319 405
2 67 357
195 274 217
114 168 319
110 128 389
43 288 276
192 5 725
293 228 165
258 96 78
51 48 859
157 319 320
117 193 6
223 84 100
181 212 212
318 248 793
2 246 220
84 181 45
324 160 984
46 81 735
61 33 781
166 94 138
125 155 30
65 153 878
56 268 652
227 91 818
318 110 900
159 289 309
204 94 886
248 49 315
308 139 694
283 154 252
319 40 246
326 274 401
11 206 907
142 308 774
234 196 888
43 230 394
231 228 436
95 76 722
47 9 579
140 66 786
193 273 26
212 202 472
149 198 905
336 32 410
133 212 317
332 108 647
288 281 638
262 321 858
267 40 831
148 158 177
238 276 564
187 121 438
169 311 960
316 34 801
109 130 547
43 224 755
92 193 635
142 322 266
10 195 253
304 49 301
189 146 55
315 127 906
214 283 301
166 113 1
318 259 474
89 76 676
72 281 303
21 298 225
333 64 993
275 311 77
83 225 232
165 197 948
25 217 935
173 279 720
199 75 968
183 107 744
142 81 724
231 219 952
208 140 620
172 308 509
301 165 913
72 173 898
54 309 894
185 241 830
142 49 596
74 93 888
336 24 485
169 110 902
226 27 91
148 124 925
135 52 934
203 226 344
127 328 837
266 314 921
223 199 864
178 152 502
205 276 434
281 170 843
18 205 334
275 63 109
28 5 823
130 39 400
135 295 882
259 91 500
153 162 851
292 266 1014
186 325 658
199 59 210
186 155 222
144 270 811
151 227 273
109 238 133
41 159 863
304 285 656
133 324 227
289 216 218
283 265 153
180 179 136
214 269 824
63 193 604
106 90 866
76 267 245
55 302 544
239 183 23
48 115 160
153 255 315
242 139 854
176 76 783
148 202 970
316 190 938
122 247 686
303 231 670
248 3 118
17 118 267
308 305 931
263 311 986
309 288 434
84 154 859
196 182 466
94 315 888
4 303 685
199 289 195
128 297 459
83 240 121
17 43 132
158 208 179
37 236 750
157 253 440
9 141 82
210 138 842
270 32 615
269 332 556
136 122 491
204 57 681
35 1 933
130 212 422
92 12 650
236 106 322
143 194 654
84 316 381
58 321 138
306 301 615
90 147 685
100 255 33
255 328 921
307 147 434
57 320 763
191 25 523
10 23 913
55 25 8
149 309 826
258 303 62
238 145 161
4 309 135
321 309 702
29 265 335
284 306 546
313 273 556
70 120 13
117 176 948
271 215 473
243 217 255
132 290 837
45 80 39
94 183 884
134 173 293
287 158 699
82 284 344
133 186 619
187 69 445
147 254 97
230 242 320
120 58 1022
225 50 141
298 42 639
172 164 313
318 326 530
303 137 851
189 288 751
202 174 586
175 263 409
275 124 389
333 124 625
330 178 93
292 12 689
243 12 831
123 68 345
145 198 27
267 303 410
92 98 210
14 127 79
180 36 369
261 149 438
275 334 818
8 199 150
231 137 928
255 111 174
111 93 625
315 131 874
248 112 138
195 163 840
332 3 808
47 27 293
244 294 650
58 104 642
27 312 65
318 68 972
60 131 389
235 313 688
122 130 95
248 119 733
257 171 905
287 248 539
188 159 788
97 57 816
225 250 989
92 81 249
217 107 738
66 1 110
194 198 584
216 279 24
191 133 652
202 221 152
122 149 715
201 135 698
113 96 220
274 121 931
88 323 876
63 138 647
113 262 550
37 80 360
212 172 409
107 308 845
26 203 156
117 285 1021
37 204 742
286 155 545
117 188 942
147 78 890
136 8 539
119 161 238
168 332 214
69 220 837
306 297 595
184 267 252
219 187 402
169 57 1002
219 198 284
167 232 672
250 57 915
195 113 416
289 293 574
44 324 408
50 11 634
158 22 337
253 46 965
309 332 229
222 134 409
258 63 227
220 199 262
233 230 92
9 195 256
163 155 683
10 26 866
269 21 248
321 45 560
163 117 100
79 47 649
233 301 56
84 44 696
322 315 584
145 224 203
62 114 829
301 79 265
12 289 670
321 25 1022
64 83 837
208 21 884
316 191 637
22 160 558
28 8 493
44 275 716
274 236 982
295 33 225
328 59 440
206 238 996
314 217 230
297 222 516
46 185 4
149 285 947
134 149 598
41 244 301
177 234 625
220 35 40
280 67 49
333 171 954
9 80 53
244 317 615
307 226 965
217 198 1016
160 74 964
38 119 705
161 75 733
182 113 456
219 285 684
107 105 940
267 228 1002
200 102 993
223 82 702
177 63 398
201 112 245
185 81 435
267 312 629
178 135 643
71 153 599
334 195 679
257 50 383
152 76 815
252 82 792
309 80 823
313 18 814
15 208 208
91 254 369
312 24 967
124 150 831
189 46 504
115 91 976
75 183 805
132 289 722
140 328 138
180 228 60
33 258 530
265 268 246
145 243 896
83 64 262
219 147 568
328 41 445
43 25 85
76 212 629
199 28 309
286 184 42
87 167 802
176 80 371
64 319 499
99 200 646
144 235 69
14 45 508
179 326 852
124 111 897
334 32 3
207 139 254
243 144 260
42 270 161
325 167 355
132 161 802
172 135 15
330 70 567
308 77 972
328 44 170
336 317 516
256 83 198
231 200 991
218 35 155
233 50 589
251 52 844
186 254 140
135 176 241
121 301 550
134 52 440
146 7 547
190 212 235
103 159 823
168 121 238
163 267 750
323 183 289
31 210 398
113 206 854
64 268 208
234 224 475
45 253 879
109 67 297
11 202 646
79 8 785
57 132 988
118 195 526
267 72 51
269 41 161
81 132 218
281 245 40
201 275 457
44 177 122
233 320 219
248 85 686
31 59 937
205 135 359
198 103 549
23 79 396
160 304 515
312 159 329
254 323 198
204 95 825
61 318 149
320 305 162
193 36 533
240 165 377
330 220 1021
273 163 73
58 212 603
214 60 195
80 178 933
110 284 622
34 103 168
186 80 968
327 202 555
192 94 811
136 87 218
175 227 223
172 251 705
244 177 636
252 114 975
28 94 26
36 299 893
300 159 1023
199 109 509
10 110 331
61 227 773
234 276 942
311 211 476
258 12 829
123 244 121
296 76 264
305 270 179
193 205 110
59 31 639
185 252 838
115 200 582
80 294 483
131 30 755
195 323 672
324 249 245
67 77 379
91 30 151
240 40 172
125 67 746
41 208 437
123 180 545
325 39 562
337 279 326
319 55 761
80 196 275
314 146 409
39 333 517
75 238 523
302 219 694
168 253 260
31 249 499
219 76 65
102 319 195
219 177 652
199 136 599
160 230 640
310 208 271
117 117 796
11 268 895
196 155 931
51 254 969
24 11 128
20 128 239
87 209 540
178 267 308
203 310 389
325 285 144
292 166 562
202 320 192
119 301 988
3 337 512
177 194 12
146 295 975
294 20 490
303 131 76
152 77 35
128 233 474
225 324 569
189 52 874
265 332 692
276 273 643
146 36 456
222 2 926
198 143 715
80 37 183
317 235 516
19 45 401
239 315 829
84 9 68
303 83 235
311 183 927
227 11 447
125 208 640
247 232 404
145 269 839
6 56 92
264 233 659
219 159 487
88 279 216
94 161 933
307 315 845
121 199 339
316 306 319
207 172 181
225 184 251
225 160 800
268 330 157
132 271 227
333 160 956
305 315 546
48 176 260
264 295 888
200 64 879
200 70 826
270 318 165
52 331 457
178 112 689
136 70 179
335 205 564
127 96 409
70 273 9
190 329 192
256 200 183
302 177 115
112 315 302
66 260 842
177 240 459
267 155 499
216 80 802
164 306 752
326 156 698
294 55 719
251 219 951
230 256 358
30 84 513
35 119 633
121 255 64
37 83 517
40 289 343
328 265 399
218 320 131
288 147 830
163 23 374
98 181 192
210 200 841
188 170 891
23 241 582
236 278 350
136 84 941
301 186 828
41 257 288
259 152 456
264 110 480
187 109 82
250 206 184
307 221 490
297 291 197
335 191 866
157 287 80
52 302 254
240 237 919
140 333 710
267 291 466
228 178 93
59 165 491
124 254 1017
109 48 425
81 158 298
178 154 511
191 46 728
159 249 2
277 131 7
115 58 521
135 321 423
98 176 471
80 9 425
240 315 755
212 9 946
205 175 619
140 188 921
49 192 661
77 138 317
67 160 519
252 219 163
188 47 990
169 65 864
35 89 639
312 307 230
269 52 218
190 78 130
262 48 694
311 74 716
116 187 607
6 169 284
137 285 278
264 31 735
129 311 998
36 217 995
101 118 926
122 235 147
250 119 1020
173 261 754
296 222 119
9 193 927
74 213 316
144 103 237
53 128 775
9 70 672
286 117 57
219 172 722
252 167 990
199 53 765
275 106 782
207 234 116
123 221 321
265 169 646
99 70 1023
261 240 1012
217 170 46
169 52 148
243 160 681
261 131 341
260 80 181
94 93 290
312 53 559
2 306 434
126 151 183
63 72 1004
215 152 506
179 158 311
188 169 98
126 62 544
290 115 963
323 235 536
105 102 967
45 158 422
308 39 440
100 333 802
272 157 1009
257 12 21
150 93 126
261 177 415
148 310 20
67 77 583
320 282 4
163 204 789
115 289 644
277 183 50
141 167 983
36 218 551
198 322 703
44 109 975
202 5 507
118 176 190
307 32 977
225 224 121
270 76 1016
43 171 196
249 6 661
5 200 905
51 32 850
175 162 845
46 5 354
327 69 838
246 326 386
254 217 547
166 200 464
130 126 1010
217 283 342
277 247 326
33 21 257
93 160 44
211 227 180
41 152 961
213 279 295
78 315 678
148 85 562
226 15 600
308 257 599
336 195 973
132 42 945
2 49 377
3 248 1000
136 261 54
245 142 911
272 65 341
262 30 998
145 2 791
331 224 191
277 314 797
252 270 462
62 8 472
23 59 729
334 135 116
151 80 761
313 239 951
35 62 46
70 297 635
127 155 895
15 176 604
300 161 821
204 257 257
24 153 950
315 175 192
289 33 193
200 278 101
215 183 209
71 283 336
250 79 316
177 301 1003
13 250 911
247 258 888
212 269 321
78 39 995
8 203 793
283 283 680
294 325 257
328 20 295
40 204 121
229 47 658
2 90 750
91 262 833
119 104 389
90 108 13
238 28 281
97 269 705
58 274 680
27 332 1008
285 224 137
169 138 492
201 270 741
277 111 1017
17 161 914
171 153 274
310 215 9
127 197 461
144 91 579
159 91 613
37 204 614
71 92 629
87 327 629
247 102 1018
16 291 429
31 141 852
159 247 846
97 53 299
328 10 230
127 110 224
283 58 803
90 11 806
22 303 391
283 42 885
239 97 891
217 130 579
116 7 386
17 137 567
248 82 966
61 111 32
301 103 541
142 68 904
5 325 291
98 209 562
248 48 421
296 167 94
245 210 252
155 175 564
273 127 517
155 310 750
197 210 696
326 165 562
2 158 870
165 142 162
180 76 393
132 158 263
256 209 113
214 134 580
160 265 983
190 150 365
67 312 614
184 54 563
126 225 468
198 217 853
269 287 338
223 309 665
236 317 889
111 62 926
40 60 229
23 331 443
287 9 922
253 318 974
318 17 896
208 62 628
303 32 703
229 206 859
305 63 660
133 165 418
328 197 435
145 163 300
268 292 814
282 19 792
61 4 235
40 252 109
316 195 509
322 120 920
76 90 142
224 13 118
317 225 408
276 309 66
185 279 312
261 162 586
101 104 307
262 108 509
326 166 503
201 296 904
63 28 207
159 306 140
29 39 544
328 151 341
190 150 984
119 210 450
149 173 683
123 218 303
248 201 385
334 124 321
173 111 431
117 238 986
70 162 470
182 47 936
202 280 308
294 295 752
294 13 903
18 284 777
268 230 588
309 250 334
292 170 833
246 150 776
234 195 483
215 253 435
78 162 903
161 244 848
315 209 75
294 254 385
329 283 607
36 117 77
131 259 373
298 211 215
289 138 255
59 144 406
84 261 855
9 64 233
203 116 1022
10 153 573
211 212 265
297 285 951
123 266 155
295 110 462
148 66 602
176 55 476
282 212 386
136 48 179
217 59 214
145 72 487
311 25 246
169 281 904
161 128 687
144 238 785
261 190 176
232 227 188
174 323 447
25 15 586
160 257 998
156 142 342
214 125 172
126 271 26
7 169 669
95 214 631
76 312 633
134 298 328
98 104 477
102 128 234
1 149 867
257 282 20
158 331 790
296 13 531
130 116 849
57 287 498
112 36 686
226 189 626
276 23 784
90 204 112
36 54 236
102 81 218
188 261 603
226 275 490
229 299 897
18 55 675
307 116 635
122 17 320
197 185 655
250 298 46
207 74 989
203 244 202
107 311 117
219 308 901
207 20 411
213 52 414
90 78 117
286 261 128
331 35 822
55 197 587
82 204 582
208 13 520
259 54 232
132 265 456
146 69 695
133 90 123
211 9 735
7 268 303
280 93 437
251 4 180
111 114 91
113 142 453
125 30 732
307 12 687
313 8 147
133 238 487
16 297 506
183 249 36
227 151 515
116 117 639
107 234 423
108 34 89
275 276 759
158 288 429
47 109 971
54 153 644
189 274 385
128 57 381
124 162 806
302 124 997
125 285 617
290 99 740
266 198 420
237 312 377
78 128 461
292 294 783
49 151 297
322 291 702
24 210 504
266 154 464
302 12 503
294 202 438
135 78 321
50 99 29
298 117 928
213 297 246
210 17 846
12 76 138
329 154 382
16 106 450
274 331 81
120 8 977
236 299 689
164 319 119
145 79 593
105 139 240
301 88 904
103 74 1004
229 41 651
269 81 342
72 110 560
221 155 43
280 226 374
90 214 930
230 7 586
59 219 294
124 247 996
66 39 272
56 248 53
188 202 829
62 240 459
56 312 839
165 315 126
24 119 190
230 147 442
300 71 533
137 119 283
51 150 470
329 189 428
327 305 726
122 168 932
312 73 266
275 236 598
194 312 848
153 103 982
330 5 135
186 288 359
124 125 12
231 192 661
159 240 299
37 23 653
202 88 560
234 294 816
302 322 24
214 83 407
191 123 231
127 194 582
51 247 954
192 58 418
253 249 151
77 20 241
242 171 799
187 70 1020
307 332 549
111 310 949
189 179 985
232 298 742
293 36 249
91 44 181
68 126 307
92 297 752
333 189 937
298 241 167
268 95 674
56 116 43
23 30 507
279 261 452
234 24 546
120 279 998
152 52 320
55 239 987
136 296 699
156 190 849
98 121 1000
150 241 348
61 182 226
165 262 464
145 247 581
158 121 724
249 145 739
130 91 105
136 189 362
141 309 265
20 10 344
201 192 1010
159 61 691
83 129 355
22 36 912
225 20 430
49 108 559
164 172 1014
228 198 774
269 95 916
66 157 229
300 101 473
96 169 952
46 269 364
176 140 942
24 130 501
177 272 635
54 171 331
224 251 839
243 50 979
112 304 482
232 211 382
172 43 862
198 225 871
20 167 21
160 59 555
319 256 1003
116 177 410
103 176 491
156 129 360
24 80 257
128 181 181
25 123 765
283 215 815
275 207 884
217 186 68
96 94 886
106 210 69
63 54 710
296 64 769
267 183 195
118 107 488
162 266 724
272 306 747
73 278 509
31 24 644
322 282 715
39 207 689
58 169 402
95 151 409
5 180 1001
279 88 937
31 7 190
102 217 609
48 327 761
265 205 395
61 65 56
130 249 137
66 93 400
283 327 169
188 302 598
153 147 652
171 182 343
192 70 266
161 314 1007
111 283 156
47 249 780
65 260 182
272 138 688
177 246 309
278 150 434
51 36 178
337 90 247
38 25 865
148 44 1020
327 87 380
274 111 817
322 265 17
329 335 840
35 123 568
245 17 13
133 77 477
270 295 512
95 136 779
237 86 819
278 224 720
190 169 577
88 305 69
64 17 856
334 61 300
171 191 1014
81 75 125
101 333 739
216 267 686
242 252 61
90 295 45
257 157 480
45 275 448
64 140 316
254 112 680
139 286 538
101 180 105
72 265 380
307 102 448
254 229 909
82 251 466
136 25 751
203 322 353
306 243 239
251 48 96
266 28 27
291 180 711
230 89 453
79 259 579
5 193 187
186 40 734
102 245 113
313 272 656
56 165 360
106 301 184
161 35 116
150 104 851
309 165 595
20 102 377
280 64 205
287 334 831
151 168 587
247 179 151
297 41 212
199 310 896
57 221 569
289 260 723
145 232 617
327 277 904
336 312 918
230 248 786
30 94 559
118 81 547
265 215 301
21 119 257
184 111 91
223 112 800
327 80 146
120 92 834
67 302 812
143 58 886
229 153 161
204 200 555
126 14 456
67 241 887
114 112 656
211 79 598
260 313 839
276 97 702
75 51 216
62 123 444
126 82 440
46 37 525
149 104 568
22 145 221
329 150 585
250 32 116
35 285 268
320 197 494
182 179 589
185 241 810
175 290 602
198 251 364
2 123 384
203 146 394
212 67 669
29 142 819
227 29 607
76 276 347
172 169 121
254 12 492
119 4 879
76 304 766
265 41 387
83 95 147
288 245 180
180 305 929
113 240 678
87 31 710
189 166 622
132 264 981
278 13 424
78 194 814
155 282 362
94 328 820
28 189 874
168 330 155
69 256 920
105 103 338
224 181 512
207 71 865
287 108 502
216 34 821
279 337 86
103 220 848
210 264 887
6 54 749
295 177 788
119 159 741
27 146 356
102 249 513
65 309 87
66 34 717
245 321 752
231 294 277
13 284 523
280 25 467
281 262 606
81 104 191
186 27 752
252 163 844
305 257 512
332 139 829
100 69 337
143 67 339
167 278 937
283 90 11
201 288 283
205 209 942
110 290 836
206 211 86
67 288 497
29 291 291
26 292 717
81 69 158
64 326 383
245 75 893
107 233 752
166 48 48
32 74 673
134 65 497
213 277 388
7 106 500
106 256 855
55 238 767
158 269 208
239 309 171
203 26 222
143 273 752
108 140 294
160 326 200
241 279 148
240 141 386
26 72 559
173 316 762
242 112 895
197 152 259
225 14 460
153 144 892
290 61 939
49 19 967
84 151 251
44 2 714
132 169 222
118 81 219
26 255 220
306 287 931
92 65 447
334 13 751
247 20 60
37 263 408
72 57 674
24 283 200
12 107 357
241 327 588
87 329 442
159 41 1001
12 87 86
259 241 633
73 80 898
187 238 925
248 307 580
236 245 1009
332 177 968
160 282 727
168 33 352
112 168 149
210 289 284
230 174 493
115 265 419
43 83 483
6 133 780
292 279 606
270 166 520
314 136 661
335 17 132
165 335 860
229 138 876
26 257 995
176 89 45
134 286 275
77 301 965
228 240 56
247 80 565
332 330 289
277 59 942
216 85 697
330 62 1019
64 155 642
245 271 169
107 230 243
75 195 927
328 92 509
76 284 387
211 243 286
70 225 864
231 187 864
288 315 676
329 48 734
286 192 930
209 314 772
201 223 172
67 131 220
217 212 571
163 32 952
148 62 838
32 227 145
128 4 784
318 118 747
294 101 223
9 262 133
292 125 67
238 238 518
67 191 81
228 48 166
131 155 505
190 265 944
115 229 818
204 293 97
297 321 267
224 112 253
70 50 565
126 260 479
152 313 923
146 229 402
27 145 460
168 336 538
242 128 23
22 136 591
229 311 187
12 34 475
271 336 840
248 126 959
305 35 921
297 147 261
225 179 265
166 327 513
82 244 908
292 144 93
201 147 27
95 196 420
85 336 5
215 204 675
207 85 940
211 287 951
29 197 654
10 65 309
150 186 350
265 217 344
153 220 655
90 213 260
336 87 745
292 109 743
104 337 727
192 177 803
260 131 250
224 298 324
82 101 216
175 82 190
191 29 99
11 294 2
100 283 852
3 334 602
298 21 67
316 63 693
63 284 30
302 251 845
333 276 699
154 337 892
236 195 521
18 218 987
194 35 364
240 150 46
216 262 830
254 3 941
132 226 495
76 250 807
13 12 205
111 151 220
82 263 109
93 55 734
77 134 707
252 183 475
191 69 43
34 183 950
285 298 157
71 134 36
123 225 803
171 332 75
91 263 844
110 184 616
172 130 478
273 56 956
298 32 557
228 39 471
270 211 28
138 9 1000
150 223 700
230 277 312
249 71 936
264 169 897
259 311 220
247 37 810
168 297 302
203 6 694
163 71 975
281 87 295
323 125 1023
176 136 897
272 122 204
155 248 989
14 161 870
336 150 771
23 71 672
42 90 603
41 52 551
59 253 268
94 255 72
213 47 390
43 308 310
179 326 170
234 160 105
285 16 193
41 120 657
280 296 810
282 136 934
212 223 821
193 204 448
234 226 746
226 47 167
50 269 441
12 83 345
245 127 185
304 134 506
113 43 220
3 229 865
197 327 356
171 18 390
151 83 140
72 151 662
297 196 65
92 177 178
61 164 482
272 251 911
227 48 417
134 326 426
287 312 814
257 133 282
337 28 475
102 237 726
297 209 558
98 50 334
112 173 66
117 276 609
140 303 393
157 197 804
144 114 954
85 180 447
114 32 665
214 175 405
258 253 718
250 167 968
74 216 7
184 65 908
206 239 96
144 255 509
25 25 410
34 269 153
181 130 121
140 76 55
91 190 565
314 149 822
283 91 634
66 113 892
57 132 665
185 216 74
144 323 916
163 333 343
32 218 837
105 274 609
17 50 856
191 278 25
331 96 427
73 155 209
90 126 278
288 262 992
107 16 954
286 301 541
7 213 771
278 8 571
327 7 179
283 297 189
112 203 1015
227 140 994
284 74 110
268 115 114
111 209 548
286 86 80
140 45 528
193 272 307
189 228 976
146 252 760
233 79 699
166 234 130
268 6 143
190 310 854
232 94 359
85 176 575
327 93 775
79 10 373
115 274 71
28 45 170
199 152 224
301 21 48
253 279 376
10 278 392
266 117 212
194 305 73
150 294 779
226 280 428
321 242 393
68 74 22
83 11 150
206 32 241
68 197 68
211 222 349
282 211 152
221 198 392
128 270 38
62 253 117
173 150 43
211 191 263
325 21 71
81 333 510
131 47 831
26 257 497
268 328 952
58 98 938
259 87 369
300 36 809
119 15 302
133 151 273
23 196 1002
322 231 677
223 256 744
226 126 392
130 177 933
6 283 1000
315 64 602
302 147 61
252 52 104
260 213 621
169 273 651
135 33 246
107 151 251
311 81 680
172 198 77
144 317 68
40 199 827
182 58 115
125 199 14
136 236 80
109 249 896
123 38 513
216 5 584
143 178 614
11 132 107
100 102 683
187 324 891
4 132 302
37 66 453
226 311 644
71 301 758
73 85 385
213 9 63
308 31 609
201 300 650
146 147 790
169 266 270
217 288 615
200 1 816
259 122 88
153 264 841
278 15 997
74 167 829
294 189 171
29 17 393
173 214 296
120 247 955
52 115 877
244 291 644
325 222 497
111 179 298
230 230 363
154 195 365
252 139 889
190 117 412
30 71 393
237 108 515
207 213 369
221 235 271
308 241 494
93 172 735
128 323 880
67 149 257
11 130 655
167 33 622
29 205 963
16 281 81
264 336 891
153 307 180
210 159 234
273 191 36
319 205 650
175 233 924
213 250 817
151 228 68
138 52 115
296 151 277
142 325 31
17 116 452
154 52 1001
152 12 599
166 266 266
185 262 820
297 240 173
305 232 815
4 118 31
230 90 258
100 216 855
268 238 921
172 36 834
5 40 862
217 18 200
76 211 458
21 244 514
253 41 970
322 188 494
253 127 117
248 35 229
176 55 975
184 322 786
241 76 911
204 184 960
40 309 128
212 50 343
292 20 367
24 157 386
140 93 878
48 83 136
178 293 841
83 333 213
117 91 736
2 21 900
170 108 932
165 11 783
27 291 915
1 266 876
20 60 124
121 312 486
24 317 242
78 67 203
191 298 553
170 198 779
242 278 37
231 27 889
225 206 866
67 320 468
238 249 344
233 272 444
170 33 837
267 190 798
157 159 740
95 127 878
288 105 12
13 31 84
284 130 688
27 209 565
96 244 743
66 15 171
279 155 1015
183 322 319
11 95 182
329 305 636
72 60 519
127 1 998
71 333 411
337 310 881
284 64 809
49 158 478
109 317 655
309 169 461
14 69 88
62 51 687
144 71 406
29 297 369
324 29 359
255 320 283
100 225 445
289 232 776
224 30 364
54 273 785
269 151 213
111 66 236
320 63 933
83 140 257
61 103 666
13 93 456
238 212 752
110 104 419
52 285 184
303 250 190
228 334 186
64 36 680
90 44 860
36 200 349
305 251 51
48 194 25
42 80 752
61 284 846
156 320 116
143 193 411
81 287 342
32 291 107
242 326 641
272 214 401
185 57 19
26 300 682
79 62 67
210 10 511
194 87 348
314 17 762
59 72 242
253 171 237
225 32 479
81 290 922
109 134 717
109 122 691
137 183 670
56 191 272
86 219 418
93 172 192
122 206 104
97 67 691
286 86 318
166 291 486
144 122 911
33 162 124
170 273 557
128 332 407
34 151 39
289 83 341
266 297 975
185 294 158
37 16 484
91 42 184
264 45 912
81 15 551
72 94 161
326 178 885
249 23 507
51 247 616
62 291 1006
221 254 137
37 216 595
44 324 195
295 242 23
323 35 318
154 265 899
245 38 442
121 74 758
168 9 603
216 17 106
154 155 52
232 205 189
15 285 611
329 10 61
130 197 519
26 15 562
184 101 638
6 17 608
240 305 346
324 57 56
314 252 126
262 81 551
137 280 193
326 52 885
169 284 699
317 195 756
74 217 966
243 113 740
254 250 163
259 157 845
238 43 485
39 216 684
133 14 658
177 132 987
54 96 911
155 266 549
212 53 907
196 290 583
47 269 600
3 328 824
142 114 319
277 283 896
159 92 54
144 110 54
265 5 238
285 195 929
28 336 923
58 283 49
222 66 455
306 75 71
193 96 674
293 46 964
201 194 257
13 118 798
38 236 913
160 147 991
117 240 304
82 127 271
108 286 418
320 209 416
280 265 121
218 179 107
223 250 708
188 116 499
15 86 304
118 19 8
283 203 817
196 99 981
72 321 835
186 190 979
127 276 768
300 53 827
177 250 802
188 279 15
314 79 503
90 2 178
85 254 336
186 157 974
193 68 447
65 195 628
257 255 762
188 71 202
14 190 437
2 263 72
127 162 5
7 168 569
266 36 711
24 207 25
190 109 826
281 256 661
107 303 823
69 217 988
274 128 945
62 155 12
246 249 948
233 124 241
105 185 330
53 181 735
337 82 373
90 179 254
26 185 125
76 197 354
244 199 567
235 79 236
57 278 159
336 139 71
39 137 218
6 133 770
151 219 231
166 40 67
228 325 866
269 302 972
207 102 334
248 208 97
313 317 849
251 126 979
322 322 568
109 113 849
287 35 910
253 150 875
151 307 849
115 33 187
270 309 364
173 244 886
13 149 869
276 284 278
265 87 701
58 91 145
98 136 631
89 142 12
274 252 980
27 81 487
322 277 816
134 60 270
178 231 772
60 168 367
210 272 338
39 39 179
181 325 256
9 141 501
141 78 654
228 336 854
180 210 428
75 241 985
271 14 93
220 54 997
311 7 240
112 212 1
241 219 750
175 70 796
31 199 258
43 193 292
24 163 291
104 59 121
7 297 136
56 293 378
136 86 827
276 10 452
111 14 623
45 4 654
257 101 14
314 210 891
288 141 785
147 281 391
298 132 898
37 99 789
86 193 108
104 266 503
293 331 697
126 14 224
55 292 53
170 104 66
194 120 275
294 143 406
206 326 479
89 239 20
36 160 940
260 194 395
66 106 945
88 46 335
285 200 439
184 170 966
166 269 312
268 205 869
147 274 169
299 297 941
200 54 827
211 208 722
72 18 495
62 195 772
335 145 111
21 264 906
261 275 807
199 36 628
214 61 568
25 90 712
54 307 222
313 85 876
231 264 459
181 192 558
102 215 979
18 315 791
156 88 900
108 207 953
158 252 303
193 176 415
280 314 86
337 1 324
265 318 926
157 67 854
93 4 237
127 96 853
255 2 294
254 78 432
259 83 995
103 123 256
106 104 593
254 268 427
16 160 823
75 52 778
19 259 416
298 299 775
200 166 937
119 105 270
240 280 440
93 308 786
117 139 347
55 53 271
148 98 707
74 178 98
335 173 415
19 114 502
86 296 410
16 55 189
263 93 590
94 73 147
74 139 544
230 280 1003
299 124 948
125 131 611
235 315 81
178 163 798
171 288 160
98 291 891
72 224 803
66 96 117
218 297 266
276 161 516
128 263 23
95 47 130
2 206 455
319 202 580
177 238 606
243 216 406
253 241 667
5 188 220
265 208 787
218 326 138
233 180 203
120 13 764
276 272 640
304 267 666
251 251 946
199 98 726
191 275 107
326 202 837
212 147 418
239 130 1021
51 120 825
154 70 356
87 323 432
15 64 646
186 91 736
140 283 339
249 212 436
195 297 169
194 117 812
190 76 417
192 284 14
200 246 937
312 200 671
120 83 998
258 293 26
145 75 195
169 92 815
41 134 645
28 139 101
109 248 508
325 202 442
69 205 565
209 326 419
115 282 182
81 135 797
203 269 697
227 282 983
219 18 641
55 217 291
199 130 8
116 234 142
156 112 570
130 187 821
61 159 685
321 243 929
333 225 180
248 56 729
47 43 571
280 193 492
132 36 486
48 313 282
208 238 909
256 292 153
50 116 147
24 150 905
148 208 186
173 160 639
48 326 73
9 204 878
172 304 282
24 330 705
147 8 236
254 300 562
41 115 434
123 158 678
238 284 774
239 284 811
33 24 10
45 258 723
292 243 161
158 140 478
101 283 373
16 241 482
37 309 839
10 258 148
138 283 56
327 294 729
153 285 145
274 331 426
253 195 850
266 265 986
172 243 397
36 49 999
131 163 141
91 165 198
288 289 809
183 269 324
97 328 689
211 182 296
83 151 659
105 114 808
134 310 668
195 213 181
303 218 88
255 12 913
52 206 848
102 92 61
117 304 10
113 60 574
44 265 32
238 14 386
270 193 24
122 255 621
5 310 291
185 129 447
146 285 942
205 110 932
91 140 952
272 104 241
13 254 314
141 232 144
291 135 316
262 35 518
214 294 46
191 180 753
303 309 176
176 317 867
144 294 110
288 14 14
59 113 383
258 18 418
138 147 1020
286 228 684
27 291 517
320 76 902
51 194 699
112 68 267
122 121 605
38 188 81
106 282 60
147 222 653
141 299 629
180 27 381
250 95 348
59 331 897
57 234 240
336 307 74
327 210 561
263 18 367
49 59 66
75 31 548
72 110 737
114 289 25
312 170 878
74 263 599
30 50 265
153 26 744
75 225 835
301 176 711
135 136 335
108 87 892
181 173 693
85 218 852
133 91 869
268 336 197
202 308 280
274 12 761
28 141 419
43 159 394
141 177 784
3 69 137
202 22 92
235 141 925
79 221 128
313 316 994
275 107 54
310 76 748
291 222 528
251 313 638
103 98 232
120 210 262
319 153 348
62 83 743
156 228 665
262 271 897
69 34 818
189 335 698
26 47 290
62 34 126
126 248 645
166 131 693
260 225 11
283 87 526
260 40 123
304 305 200
63 197 86
258 316 209
125 35 859
107 248 100
146 165 336
258 80 760
109 202 868
188 171 260
213 129 358
144 193 506
206 51 879
273 140 203
55 194 935
276 279 806
317 129 867
257 202 734
60 227 246
7 184 814
189 268 895
114 289 454
317 38 595
258 161 290
128 1 746
257 221 310
129 193 200
187 190 648
46 297 602
57 208 203
265 149 913
31 180 915
221 250 320
90 273 74
17 154 155
30 293 740
70 216 1021
8 326 635
157 264 30
44 87 13
200 306 235
45 290 808
81 207 506
330 242 588
121 89 578
27 251 170
162 39 798
308 51 936
40 298 28
64 52 650
255 70 681
318 143 857
119 331 689
267 79 470
201 276 750
316 15 16
241 56 407
53 244 14
243 156 882
321 65 576
227 295 721
270 208 317
96 35 565
41 136 902
7 131 531
131 123 213
41 200 125
12 154 426
211 98 216
186 138 528
28 39 116
241 110 989
3 43 78
191 198 774
161 121 523
74 232 946
127 289 771
274 136 247
213 3 581
148 92 39
284 74 566
132 112